0
0
0
0
0
0
0
0
0
0
0
0
0
0
0
0
0
0
0
0
0
0
0
0
0
0
0
0
0
0
0
0
4
2
5
0
0
0
0
0
0
0
0
0
0
0
0
0
0
0
0
0
3
0
3
0
0
0
0
0
0
9
12
12
10
0
0
0
0
0
0
0
3
0
3
0
0
0
0
0
0
15
1
1
13
0
0
0
0
0
0
0
3
0
3
0
0
0
0
0
0
15
1
1
13
0
0
4
2
5
0
0
3
0
3
0
0
0
0
0
0
15
18
14
11
0
0
3
0
3
0
0
3
0
3
0
0
0
0
0
12
16
13
0
0
0
0
3
0
3
0
0
3
0
3
0
0
0
0
0
1
1
13
0
0
0
0
3
0
3
0
0
3
0
3
0
0
0
0
0
1
1
13
0
0
0
0
3
0
3
0
0
3
0
3
0
0
0
0
0
14
14
11
0
0
0
0
3
0
3
0
0
3
0
3
0
0
0
0
0
0
0
0
0
0
0
0
3
0
3
0
0
3
0
3
0
0
0
0
0
0
0
0
0
0
0
0
3
0
3
0
0
3
0
7
2
2
2
5
0
2
2
2
2
2
2
2
6
0
3
0
0
3
0
0
0
0
0
3
0
0
0
0
0
0
0
0
0
0
3
0
0
3
0
0
0
0
0
3
0
0
0
0
0
0
0
0
0
0
3
0
0
3
0
0
0
0
0
3
0
12
12
12
12
12
12
12
12
12
3
12
12
3
10
0
0
0
0
7
2
1
1
1
1
18
14
14
14
14
3
1
1
3
13
0
0
0
0
0
0
1
1
1
1
13
0
0
0
0
3
1
1
3
13
0
0
0
0
0
0
1
1
1
1
13
0
0
0
0
7
2
2
6
13
0
0
0
0
0
0
0
13
19
16
